0,416
0,415
49,4
49,3
49,2
0,414
49,1
49,0
0,413
0,412
48,4
48,3
48,2
0,411
48,1
48,0
0,410
0,409
47,4
47,3
47,2
0,408
47,1
47,0
0,407
0,406
0,405
0,404
0,403
46,4
46,3
46,2
46,1
46,0
45,4
45,3
45,2
45,1
45,0
0,402
0,401
0,400
44,4
44,3
44,2
44,1
44,0
43,4
43,3
43,2
43,1
43,0
42,4
42,3
42,2
42,1
42,0
0,399
0,398
0,397
0,396
0,395
0,386
0,278
0,273
0,270
41,4
41,3
41,2
41,1
41,0
40,3
40,2
40,1
40,0
39,3
39,2
39,1
39,0
37,35
38,4
38,3
38,2
0,9
38,1
38,0
10,249
10,243
10,125
10,167
10,225
10,235
10,149
10,271
